0
17

22

0
1 0 0 0 
0 1 2.87215e-033 0 
0 2.87215e-033 1 0 
-5.29396e-023 -1.90735e-006 -8.9407e-008 1 

1 -6.61744e-024 -6.61744e-024 0 
-6.61744e-024 1 -3.72529e-009 0 
6.61744e-024 3.72529e-009 1 0 
0 -1.90735e-006 -1.19209e-007 1 

1 0 0 0 
1.86265e-009 1 1.37952e-008 0 
1.86265e-009 -1.59489e-008 1 0 
-5.31154e-008 -1.90735e-006 2.38419e-007 1 

1 1.86265e-009 1.86265e-009 0 
-1.86265e-009 1 1.3737e-008 0 
-5.58794e-009 1.3737e-008 1 0 
-1.49012e-007 1.90735e-006 7.7486e-007 1 

1 1.49012e-008 0 0 
0 1 0 0 
-2.98023e-008 0 1 0 
-2.38419e-007 -3.8147e-006 -1.78814e-007 1 

1 7.45058e-009 0 0 
-1.49012e-008 1 0 0 
1.49012e-008 -1.49012e-008 1 0 
-4.76837e-007 -3.8147e-006 2.38419e-007 1 

1 2.23517e-008 -1.49012e-008 0 
3.91156e-008 1 1.00699e-008 0 
1.86265e-009 -1.22236e-008 1 0 
-1.90735e-006 -3.8147e-006 7.15256e-007 1 

1 4.65661e-010 1.86265e-009 0 
4.65661e-010 1 1.49012e-008 0 
1.86265e-009 -1.49012e-008 1 0 
2.38419e-007 -3.8147e-006 4.76837e-007 1 

1 3.72529e-009 0 0 
0 1 2.98023e-008 0 
0 -1.49012e-008 1 0 
-4.76837e-007 -7.62939e-006 1.19209e-007 1 

1 -2.27683e-017 1.86265e-009 0 
-4.65661e-010 1 2.49711e-008 0 
3.72529e-009 -1.22236e-008 1 -0 
0 -7.62939e-006 4.76837e-007 1 

1 0 6.61744e-024 0 
0 1 1.00553e-032 0 
0 1.00553e-032 1 0 
-7.94093e-023 -1.90735e-006 -5.96046e-008 1 

1 -2.32831e-010 0 0 
-2.32831e-010 1 0 0 
0 0 1 0 
0 -9.53674e-007 0 1 

1 -2.32831e-010 0 0 
2.32831e-010 1 0 0 
2.98023e-008 0 1 0 
0 -9.53674e-007 5.96046e-008 1 

1 -6.98492e-010 0 0 
-4.65661e-010 1 0 0 
0 0 1 0 
1.19209e-007 -9.53674e-007 4.47035e-008 1 

1 -3.72529e-009 0 0 
0 1 -7.45058e-009 0 
2.98023e-008 -7.45058e-009 1 0 
0 -1.90735e-006 -5.96046e-008 1 

1 -4.33647e-009 -2.98023e-008 0 
-1.25146e-009 1 -6.8685e-009 0 
0 -6.51926e-009 1 0 
0 -4.76837e-007 -5.96046e-008 1 

1 -3.92902e-009 -2.98023e-008 0 
-3.49246e-009 1 -7.39237e-009 0 
-2.98023e-008 -4.71482e-009 1 0 
0 -4.61936e-007 -2.98023e-008 1 

0.0416667
1 0 0 0 
0 1 2.87215e-033 0 
0 2.87215e-033 1 0 
-5.29396e-023 -1.90735e-006 -8.9407e-008 1 

1 -6.61744e-024 -6.61744e-024 0 
-6.61744e-024 1 -3.72529e-009 0 
6.61744e-024 3.72529e-009 1 0 
0 -1.90735e-006 -1.19209e-007 1 

1 0 0 0 
1.86265e-009 1 1.37952e-008 0 
1.86265e-009 -1.59489e-008 1 0 
-5.31154e-008 -1.90735e-006 2.38419e-007 1 

1 1.86265e-009 1.86265e-009 0 
-1.86265e-009 1 1.3737e-008 0 
-5.58794e-009 1.3737e-008 1 0 
-1.49012e-007 1.90735e-006 7.7486e-007 1 

1 1.49012e-008 0 0 
0 1 0 0 
-2.98023e-008 0 1 0 
-2.38419e-007 -3.8147e-006 -1.78814e-007 1 

1 7.45058e-009 0 0 
-1.49012e-008 1 0 0 
1.49012e-008 -1.49012e-008 1 0 
-4.76837e-007 -3.8147e-006 2.38419e-007 1 

1 2.23517e-008 -1.49012e-008 0 
3.91156e-008 1 1.00699e-008 0 
1.86265e-009 -1.22236e-008 1 0 
-1.90735e-006 -3.8147e-006 7.15256e-007 1 

1 4.65661e-010 1.86265e-009 0 
4.65661e-010 1 1.49012e-008 0 
1.86265e-009 -1.49012e-008 1 0 
2.38419e-007 -3.8147e-006 4.76837e-007 1 

1 3.72529e-009 0 0 
0 1 2.98023e-008 0 
0 -1.49012e-008 1 0 
-4.76837e-007 -7.62939e-006 1.19209e-007 1 

1 -2.27683e-017 1.86265e-009 0 
-4.65661e-010 1 2.49711e-008 0 
3.72529e-009 -1.22236e-008 1 -0 
0 -7.62939e-006 4.76837e-007 1 

1 0 6.61744e-024 0 
0 1 1.00553e-032 0 
0 1.00553e-032 1 0 
-7.94093e-023 -1.90735e-006 -5.96046e-008 1 

1 -2.32831e-010 0 0 
-2.32831e-010 1 0 0 
0 0 1 0 
0 -9.53674e-007 0 1 

1 -2.32831e-010 0 0 
2.32831e-010 1 0 0 
2.98023e-008 0 1 0 
0 -9.53674e-007 5.96046e-008 1 

1 -6.98492e-010 0 0 
-4.65661e-010 1 0 0 
0 0 1 0 
1.19209e-007 -9.53674e-007 4.47035e-008 1 

1 -3.72529e-009 0 0 
0 1 -7.45058e-009 0 
2.98023e-008 -7.45058e-009 1 0 
0 -1.90735e-006 -5.96046e-008 1 

1 -4.33647e-009 -2.98023e-008 0 
-1.25146e-009 1 -6.8685e-009 0 
0 -6.51926e-009 1 0 
0 -4.76837e-007 -5.96046e-008 1 

1 -3.92902e-009 -2.98023e-008 0 
-3.49246e-009 1 -7.39237e-009 0 
-2.98023e-008 -4.71482e-009 1 0 
0 -4.61936e-007 -2.98023e-008 1 

0.0833333
0.999988 -0.00451923 0.00190687 0 
0.00451841 0.99999 0.000436977 0 
-0.00190882 -0.000428364 0.999998 0 
-0.0577841 0.000294685 -0.00565752 1 

0.999988 -0.00451923 0.00190687 0 
0.00451841 0.99999 0.000436977 0 
-0.00190882 -0.000428367 0.999998 0 
-0.0577841 0.000293732 -0.00565755 1 

0.999988 -0.00451923 0.00190687 0 
0.00451841 0.99999 0.000436973 0 
-0.00190883 -0.000428383 0.999998 0 
-0.0577842 0.000297546 -0.00565636 1 

0.999988 -0.00451923 0.00190687 0 
0.00451841 0.99999 0.000437003 0 
-0.00190882 -0.000428323 0.999998 0 
-0.0577843 0.000295639 -0.00565737 1 

0.999988 -0.00451921 0.00190684 0 
0.00451845 0.99999 0.000436991 0 
-0.00190887 -0.000428408 0.999998 0 
-0.0577855 0.000293732 -0.00565818 1 

0.999988 -0.00451923 0.00190689 0 
0.00451844 0.99999 0.000437006 0 
-0.00190879 -0.000428379 0.999998 0 
-0.0577865 0.000293732 -0.00565714 1 

0.999988 -0.00451921 0.00190685 0 
0.00451845 0.99999 0.000436987 0 
-0.00190882 -0.000428376 0.999998 0 
-0.057786 0.000293732 -0.00565672 1 

0.999988 -0.00451923 0.00190687 0 
0.00451841 0.99999 0.000436991 0 
-0.00190882 -0.000428379 0.999998 0 
-0.0577841 0.000295639 -0.0056572 1 

0.999988 -0.00451923 0.00190687 0 
0.0045184 0.99999 0.000436991 0 
-0.00190884 -0.000428393 0.999998 0 
-0.0577841 0.000291824 -0.00565708 1 

0.999988 -0.00451923 0.00190687 0 
0.00451841 0.99999 0.000437001 0 
-0.00190882 -0.000428376 0.999998 -0 
-0.0577841 0.000289917 -0.00565696 1 

0.999988 -0.00451923 0.00190687 0 
0.00451841 0.99999 0.000436977 0 
-0.00190882 -0.00042836 0.999998 0 
-0.0577841 0.000293732 -0.00565743 1 

0.999988 -0.00451923 0.00190684 0 
0.00451841 0.99999 0.000436977 0 
-0.00190881 -0.000428364 0.999998 0 
-0.057784 0.000295639 -0.00565735 1 

0.999988 -0.00451923 0.00190684 0 
0.00451841 0.99999 0.000436977 0 
-0.00190881 -0.000428364 0.999998 0 
-0.0577841 0.000295639 -0.00565737 1 

0.999988 -0.00451923 0.00190684 0 
0.00451841 0.99999 0.000436977 0 
-0.00190878 -0.000428364 0.999998 0 
-0.057784 0.000295639 -0.0056574 1 

0.999988 -0.00451924 0.00190684 0 
0.00451841 0.99999 0.000436977 0 
-0.00190881 -0.000428371 0.999998 0 
-0.0577841 0.000294685 -0.00565755 1 

0.999988 -0.00451924 0.00190687 0 
0.00451841 0.99999 0.000436971 0 
-0.00190881 -0.00042837 0.999998 0 
-0.0577841 0.000295639 -0.00565732 1 

0.999988 -0.00451924 0.00190681 0 
0.00451841 0.99999 0.00043697 0 
-0.00190884 -0.000428369 0.999998 0 
-0.0577843 0.000296146 -0.00565746 1 

0.125
0.999837 -0.0166221 0.00703529 0 
0.0166103 0.999861 0.00172025 0 
-0.0070629 -0.00160313 0.999974 0 
-0.212406 0.00241375 -0.0222653 1 

0.999837 -0.0166221 0.00703529 0 
0.0166103 0.999861 0.00172025 0 
-0.0070629 -0.00160313 0.999974 0 
-0.212406 0.0024147 -0.0222652 1 

0.999837 -0.0166221 0.00703529 0 
0.0166103 0.999861 0.00172024 0 
-0.0070629 -0.00160311 0.999974 0 
-0.212406 0.00241661 -0.0222644 1 

0.999837 -0.0166221 0.00703529 0 
0.0166103 0.999861 0.0017203 0 
-0.0070629 -0.00160317 0.999974 0 
-0.212406 0.0024147 -0.0222651 1 

0.999837 -0.016622 0.00703532 0 
0.0166104 0.999861 0.00172025 0 
-0.00706285 -0.0016031 0.999974 0 
-0.212405 0.0024128 -0.0222657 1 

0.999837 -0.0166221 0.00703527 0 
0.0166104 0.999861 0.00172025 0 
-0.00706287 -0.00160313 0.999974 0 
-0.212407 0.0024147 -0.0222646 1 

0.999837 -0.016622 0.00703527 0 
0.0166104 0.999861 0.00172026 0 
-0.0070629 -0.00160314 0.999974 0 
-0.212407 0.0024128 -0.0222645 1 

0.999837 -0.0166221 0.00703529 0 
0.0166103 0.999861 0.00172025 0 
-0.0070629 -0.00160313 0.999974 0 
-0.212405 0.00241089 -0.0222645 1 

0.999837 -0.0166221 0.0070353 0 
0.0166103 0.999861 0.00172026 0 
-0.0070629 -0.00160314 0.999974 0 
-0.212406 0.00241089 -0.0222652 1 

0.999837 -0.0166221 0.00703529 0 
0.0166103 0.999861 0.00172027 0 
-0.0070629 -0.00160314 0.999974 -0 
-0.212406 0.00240898 -0.0222647 1 

0.999837 -0.0166221 0.00703529 0 
0.0166103 0.999861 0.00172025 0 
-0.0070629 -0.00160312 0.999974 0 
-0.212406 0.00241375 -0.0222652 1 

0.999837 -0.0166221 0.00703526 0 
0.0166103 0.999861 0.00172025 0 
-0.00706291 -0.00160313 0.999974 0 
-0.212406 0.00241661 -0.0222652 1 

0.999837 -0.0166221 0.00703526 0 
0.0166103 0.999861 0.00172025 0 
-0.00706294 -0.00160313 0.999974 0 
-0.212406 0.00241518 -0.0222653 1 

0.999837 -0.0166221 0.00703526 0 
0.0166103 0.999861 0.00172025 0 
-0.00706294 -0.00160313 0.999974 0 
-0.212406 0.00241467 -0.0222652 1 

0.999837 -0.0166221 0.00703529 0 
0.0166103 0.999861 0.00172023 0 
-0.00706288 -0.00160313 0.999974 0 
-0.212406 0.0024147 -0.0222651 1 

0.999837 -0.0166221 0.00703529 0 
0.0166103 0.999861 0.00172024 0 
-0.00706288 -0.00160314 0.999974 0 
-0.212406 0.00241518 -0.0222653 1 

0.999837 -0.0166221 0.00703526 0 
0.0166103 0.999861 0.00172024 0 
-0.00706291 -0.00160313 0.999974 0 
-0.212406 0.00241521 -0.0222652 1 

0.166667
0.999313 -0.0341185 0.0145025 0 
0.0340658 0.999412 0.0038688 0 
-0.014626 -0.00337209 0.999887 0 
-0.435564 0.00889111 -0.0500539 1 

0.999313 -0.0341185 0.0145025 0 
0.0340658 0.999412 0.0038688 0 
-0.014626 -0.00337209 0.999887 0 
-0.435565 0.00888824 -0.0500538 1 

0.999313 -0.0341185 0.0145025 0 
0.0340658 0.999412 0.00386884 0 
-0.014626 -0.00337209 0.999887 0 
-0.435565 0.00889015 -0.0500537 1 

0.999313 -0.0341185 0.0145025 0 
0.0340658 0.999412 0.00386881 0 
-0.014626 -0.00337209 0.999887 0 
-0.435565 0.00889397 -0.0500529 1 

0.999313 -0.0341186 0.0145025 0 
0.0340657 0.999412 0.00386885 0 
-0.014626 -0.0033721 0.999887 0 
-0.435564 0.00889206 -0.050054 1 

0.999313 -0.0341185 0.0145025 0 
0.0340658 0.999412 0.00386882 0 
-0.0146259 -0.00337212 0.999888 0 
-0.435566 0.00889015 -0.0500537 1 

0.999313 -0.0341185 0.0145025 0 
0.0340658 0.999412 0.00386881 0 
-0.014626 -0.0033721 0.999888 0 
-0.435566 0.00889015 -0.0500532 1 

0.999313 -0.0341185 0.0145025 0 
0.0340658 0.999412 0.0038688 0 
-0.014626 -0.0033721 0.999887 0 
-0.435564 0.00889015 -0.0500536 1 

0.999313 -0.0341185 0.0145025 0 
0.0340658 0.999412 0.00386882 0 
-0.014626 -0.00337212 0.999887 0 
-0.435565 0.00888824 -0.0500536 1 

0.999313 -0.0341185 0.0145025 0 
0.0340658 0.999412 0.00386883 0 
-0.014626 -0.0033721 0.999887 -0 
-0.435565 0.00888634 -0.0500534 1 

0.999313 -0.0341185 0.0145025 0 
0.0340658 0.999412 0.0038688 0 
-0.014626 -0.00337209 0.999887 0 
-0.435564 0.00889015 -0.0500539 1 

0.999313 -0.0341185 0.0145025 0 
0.0340658 0.999412 0.0038688 0 
-0.014626 -0.00337209 0.999887 0 
-0.435564 0.00889301 -0.0500537 1 

0.999313 -0.0341185 0.0145025 0 
0.0340658 0.999412 0.0038688 0 
-0.0146259 -0.00337209 0.999887 0 
-0.435564 0.00889206 -0.0500537 1 

0.999313 -0.0341185 0.0145025 0 
0.0340658 0.999412 0.0038688 0 
-0.014626 -0.00337209 0.999887 0 
-0.435564 0.00889201 -0.0500539 1 

0.999313 -0.0341185 0.0145025 0 
0.0340658 0.999412 0.0038688 0 
-0.0146259 -0.0033721 0.999887 0 
-0.435565 0.00889206 -0.0500539 1 

0.999313 -0.0341185 0.0145025 0 
0.0340658 0.999412 0.0038688 0 
-0.0146259 -0.0033721 0.999887 0 
-0.435565 0.00889301 -0.0500538 1 

0.999313 -0.0341185 0.0145025 0 
0.0340658 0.999412 0.0038688 0 
-0.014626 -0.0033721 0.999888 0 
-0.435565 0.0088926 -0.050054 1 

0.208333
0.998222 -0.0548158 0.0234113 0 
0.0546691 0.998481 0.00686385 0 
-0.023752 -0.00557181 0.999702 0 
-0.698892 0.0217848 -0.0887662 1 

0.998222 -0.0548158 0.0234113 0 
0.0546691 0.998481 0.00686384 0 
-0.023752 -0.00557181 0.999703 0 
-0.698892 0.0217857 -0.0887662 1 

0.998222 -0.0548158 0.0234113 0 
0.0546691 0.998481 0.00686385 0 
-0.023752 -0.00557181 0.999702 0 
-0.698892 0.0217857 -0.088766 1 

0.998222 -0.0548158 0.0234113 0 
0.0546691 0.998481 0.00686388 0 
-0.023752 -0.00557181 0.999702 0 
-0.698892 0.0217857 -0.0887662 1 

0.998222 -0.0548158 0.0234113 0 
0.0546691 0.998481 0.00686383 0 
-0.0237521 -0.00557184 0.999703 0 
-0.698892 0.0217857 -0.0887662 1 

0.998222 -0.0548159 0.0234113 0 
0.0546691 0.998481 0.00686385 0 
-0.023752 -0.00557181 0.999703 0 
-0.698893 0.0217819 -0.0887654 1 

0.998222 -0.0548158 0.0234113 0 
0.0546691 0.998481 0.00686386 0 
-0.023752 -0.00557182 0.999703 0 
-0.698894 0.0217829 -0.0887656 1 

0.998222 -0.0548158 0.0234113 0 
0.0546691 0.998481 0.00686388 0 
-0.023752 -0.00557183 0.999702 0 
-0.698891 0.0217819 -0.0887657 1 

0.998222 -0.0548158 0.0234113 0 
0.0546691 0.998481 0.00686388 0 
-0.023752 -0.00557183 0.999702 0 
-0.698891 0.02178 -0.0887659 1 

0.998222 -0.0548158 0.0234113 0 
0.054669 0.998481 0.00686387 0 
-0.023752 -0.00557182 0.999702 -0 
-0.698892 0.02178 -0.0887656 1 

0.998222 -0.0548158 0.0234113 0 
0.0546691 0.998481 0.00686384 0 
-0.023752 -0.00557181 0.999702 0 
-0.698892 0.0217848 -0.0887661 1 

0.998222 -0.0548158 0.0234113 0 
0.054669 0.998481 0.00686385 0 
-0.023752 -0.00557181 0.999702 0 
-0.698891 0.0217867 -0.088766 1 

0.998222 -0.0548158 0.0234113 0 
0.054669 0.998481 0.00686385 0 
-0.0237521 -0.00557181 0.999702 0 
-0.698891 0.0217853 -0.088766 1 

0.998222 -0.0548158 0.0234113 0 
0.0546691 0.998481 0.00686385 0 
-0.023752 -0.00557181 0.999702 0 
-0.698891 0.0217857 -0.088766 1 

0.998222 -0.0548158 0.0234113 0 
0.0546691 0.998481 0.00686384 0 
-0.023752 -0.00557181 0.999703 0 
-0.698891 0.0217848 -0.0887662 1 

0.998222 -0.0548158 0.0234113 0 
0.0546691 0.998481 0.00686384 0 
-0.023752 -0.00557182 0.999702 0 
-0.698892 0.0217853 -0.0887661 1 

0.998222 -0.0548158 0.0234113 0 
0.0546691 0.998481 0.00686384 0 
-0.023752 -0.00557182 0.999703 0 
-0.698892 0.0217862 -0.0887662 1 

0.25
0.996526 -0.0765298 0.0328378 0 
0.0762215 0.997035 0.0105427 0 
-0.0335473 -0.00800319 0.999405 0 
-0.974255 0.0414276 -0.136291 1 

0.996527 -0.0765298 0.0328378 0 
0.0762215 0.997035 0.0105427 0 
-0.0335473 -0.0080032 0.999405 0 
-0.974255 0.0414276 -0.136291 1 

0.996527 -0.0765298 0.0328378 0 
0.0762215 0.997035 0.0105427 0 
-0.0335473 -0.0080032 0.999405 0 
-0.974255 0.0414276 -0.136291 1 

0.996527 -0.0765298 0.0328378 0 
0.0762215 0.997035 0.0105428 0 
-0.0335473 -0.00800317 0.999405 0 
-0.974255 0.0414276 -0.136291 1 

0.996527 -0.0765299 0.0328378 0 
0.0762215 0.997035 0.0105427 0 
-0.0335473 -0.00800318 0.999405 0 
-0.974256 0.0414276 -0.136291 1 

0.996527 -0.0765298 0.0328378 0 
0.0762215 0.997035 0.0105427 0 
-0.0335473 -0.00800321 0.999405 0 
-0.974257 0.0414276 -0.136291 1 

0.996527 -0.0765298 0.0328378 0 
0.0762215 0.997035 0.0105427 0 
-0.0335473 -0.0080032 0.999405 0 
-0.974257 0.0414257 -0.13629 1 

0.996527 -0.0765298 0.0328378 0 
0.0762215 0.997035 0.0105427 0 
-0.0335473 -0.00800322 0.999405 0 
-0.974255 0.0414257 -0.136291 1 

0.996527 -0.0765298 0.0328378 0 
0.0762215 0.997035 0.0105427 0 
-0.0335472 -0.00800321 0.999405 0 
-0.974255 0.0414257 -0.136291 1 

0.996527 -0.0765298 0.0328378 0 
0.0762215 0.997035 0.0105427 0 
-0.0335473 -0.0080032 0.999405 -0 
-0.974256 0.0414219 -0.136291 1 

0.996526 -0.0765298 0.0328378 0 
0.0762215 0.997035 0.0105427 0 
-0.0335473 -0.00800319 0.999405 0 
-0.974255 0.0414267 -0.136291 1 

0.996526 -0.0765298 0.0328377 0 
0.0762215 0.997035 0.0105427 0 
-0.0335472 -0.00800319 0.999405 0 
-0.974255 0.0414286 -0.136291 1 

0.996527 -0.0765298 0.0328378 0 
0.0762215 0.997035 0.0105427 0 
-0.0335472 -0.00800319 0.999405 0 
-0.974255 0.0414286 -0.136291 1 

0.996527 -0.0765298 0.0328378 0 
0.0762215 0.997035 0.0105427 0 
-0.0335472 -0.00800319 0.999405 0 
-0.974255 0.0414286 -0.136291 1 

0.996526 -0.0765298 0.0328377 0 
0.0762215 0.997035 0.0105427 0 
-0.0335472 -0.0080032 0.999405 0 
-0.974255 0.0414286 -0.136291 1 

0.996526 -0.0765298 0.0328378 0 
0.0762215 0.997035 0.0105427 0 
-0.0335472 -0.0080032 0.999405 0 
-0.974255 0.041429 -0.136291 1 

0.996526 -0.0765298 0.0328377 0 
0.0762215 0.997035 0.0105427 0 
-0.0335473 -0.00800319 0.999405 0 
-0.974255 0.0414291 -0.136291 1 

0.291667
0.994395 -0.0970977 0.0418341 0 
0.0965665 0.99522 0.0145432 0 
-0.0430463 -0.010422 0.999019 0 
-1.2341 0.0658464 -0.187947 1 

0.994395 -0.0970978 0.0418341 0 
0.0965665 0.99522 0.0145432 0 
-0.0430463 -0.010422 0.999019 0 
-1.2341 0.0658512 -0.187947 1 

0.994395 -0.0970978 0.0418341 0 
0.0965665 0.99522 0.0145433 0 
-0.0430463 -0.010422 0.999019 0 
-1.2341 0.0658474 -0.187946 1 

0.994395 -0.0970978 0.0418341 0 
0.0965665 0.99522 0.0145433 0 
-0.0430463 -0.010422 0.999019 0 
-1.2341 0.0658493 -0.187947 1 

0.994396 -0.0970978 0.0418342 0 
0.0965665 0.99522 0.0145433 0 
-0.0430463 -0.010422 0.999019 0 
-1.2341 0.0658474 -0.187946 1 

0.994395 -0.0970977 0.0418341 0 
0.0965665 0.99522 0.0145433 0 
-0.0430463 -0.010422 0.999019 0 
-1.2341 0.0658455 -0.187947 1 

0.994395 -0.0970977 0.0418341 0 
0.0965665 0.99522 0.0145432 0 
-0.0430463 -0.010422 0.999019 0 
-1.2341 0.0658445 -0.187946 1 

0.994395 -0.0970978 0.0418341 0 
0.0965665 0.99522 0.0145433 0 
-0.0430463 -0.010422 0.999019 0 
-1.2341 0.0658455 -0.187946 1 

0.994395 -0.0970978 0.0418342 0 
0.0965665 0.99522 0.0145433 0 
-0.0430463 -0.010422 0.999019 0 
-1.2341 0.0658417 -0.187947 1 

0.994396 -0.0970978 0.0418341 0 
0.0965665 0.99522 0.0145433 0 
-0.0430463 -0.010422 0.999019 -0 
-1.2341 0.0658417 -0.187946 1 

0.994395 -0.0970977 0.0418341 0 
0.0965665 0.99522 0.0145432 0 
-0.0430463 -0.010422 0.999019 0 
-1.2341 0.0658455 -0.187947 1 

0.994395 -0.0970977 0.0418341 0 
0.0965665 0.99522 0.0145432 0 
-0.0430463 -0.010422 0.999019 0 
-1.2341 0.0658474 -0.187947 1 

0.994395 -0.0970978 0.0418341 0 
0.0965665 0.99522 0.0145432 0 
-0.0430463 -0.010422 0.999019 0 
-1.2341 0.0658474 -0.187947 1 

0.994396 -0.0970978 0.0418341 0 
0.0965665 0.99522 0.0145432 0 
-0.0430463 -0.010422 0.999019 0 
-1.2341 0.0658474 -0.187947 1 

0.994395 -0.0970977 0.0418341 0 
0.0965665 0.99522 0.0145432 0 
-0.0430463 -0.010422 0.999019 0 
-1.2341 0.0658464 -0.187947 1 

0.994395 -0.0970977 0.0418341 0 
0.0965665 0.99522 0.0145432 0 
-0.0430463 -0.010422 0.999019 0 
-1.2341 0.0658474 -0.187947 1 

0.994395 -0.0970978 0.0418341 0 
0.0965665 0.995221 0.0145432 0 
-0.0430464 -0.010422 0.999019 0 
-1.2341 0.0658479 -0.187947 1 

0.333333
0.992205 -0.114387 0.0494414 0 
0.113608 0.993357 0.0183012 0 
-0.0512064 -0.0125417 0.998609 0 
-1.45167 0.0907764 -0.236454 1 

0.992205 -0.114387 0.0494414 0 
0.113608 0.993357 0.0183012 0 
-0.0512064 -0.0125417 0.998609 0 
-1.45167 0.0907764 -0.236454 1 

0.992205 -0.114387 0.0494414 0 
0.113608 0.993357 0.0183012 0 
-0.0512064 -0.0125417 0.998609 0 
-1.45167 0.0907784 -0.236453 1 

0.992205 -0.114387 0.0494414 0 
0.113608 0.993357 0.0183013 0 
-0.0512064 -0.0125417 0.998609 0 
-1.45167 0.0907764 -0.236452 1 

0.992205 -0.114387 0.0494414 0 
0.113608 0.993357 0.0183013 0 
-0.0512064 -0.0125417 0.998609 0 
-1.45167 0.0907745 -0.236454 1 

0.992205 -0.114387 0.0494414 0 
0.113608 0.993357 0.0183012 0 
-0.0512064 -0.0125417 0.99861 0 
-1.45167 0.0907745 -0.236453 1 

0.992205 -0.114387 0.0494414 0 
0.113608 0.993357 0.0183013 0 
-0.0512064 -0.0125417 0.99861 0 
-1.45167 0.0907745 -0.236453 1 

0.992205 -0.114387 0.0494414 0 
0.113608 0.993357 0.0183012 0 
-0.0512064 -0.0125417 0.998609 0 
-1.45167 0.0907745 -0.236453 1 

0.992205 -0.114387 0.0494414 0 
0.113608 0.993357 0.0183012 0 
-0.0512064 -0.0125417 0.998609 0 
-1.45167 0.0907726 -0.236453 1 

0.992206 -0.114387 0.0494414 0 
0.113608 0.993357 0.0183013 0 
-0.0512064 -0.0125417 0.998609 -0 
-1.45167 0.0907707 -0.236453 1 

0.992205 -0.114387 0.0494414 0 
0.113608 0.993357 0.0183013 0 
-0.0512064 -0.0125417 0.998609 0 
-1.45167 0.0907764 -0.236454 1 

0.992205 -0.114387 0.0494414 0 
0.113608 0.993357 0.0183012 0 
-0.0512064 -0.0125417 0.998609 0 
-1.45167 0.0907774 -0.236454 1 

0.992205 -0.114387 0.0494414 0 
0.113608 0.993357 0.0183012 0 
-0.0512064 -0.0125417 0.998609 0 
-1.45167 0.0907774 -0.236453 1 

0.992205 -0.114387 0.0494414 0 
0.113608 0.993357 0.0183012 0 
-0.0512064 -0.0125417 0.998609 0 
-1.45167 0.0907773 -0.236453 1 

0.992205 -0.114387 0.0494414 0 
0.113608 0.993357 0.0183012 0 
-0.0512064 -0.0125417 0.998609 0 
-1.45167 0.0907774 -0.236454 1 

0.992205 -0.114387 0.0494414 0 
0.113608 0.993357 0.0183012 0 
-0.0512064 -0.0125417 0.99861 0 
-1.45167 0.0907769 -0.236454 1 

0.992205 -0.114387 0.0494414 0 
0.113608 0.993357 0.0183012 0 
-0.0512064 -0.0125417 0.99861 0 
-1.45167 0.0907779 -0.236454 1 

0.375
0.990483 -0.126295 0.0547019 0 
0.125309 0.991893 0.0211026 0 
-0.0569236 -0.0140471 0.99828 0 
-1.60102 0.110302 -0.272603 1 

0.990483 -0.126295 0.0547019 0 
0.125309 0.991893 0.0211026 0 
-0.0569236 -0.0140471 0.99828 0 
-1.60102 0.110302 -0.272603 1 

0.990484 -0.126295 0.0547019 0 
0.125309 0.991893 0.0211026 0 
-0.0569236 -0.0140472 0.99828 0 
-1.60102 0.110304 -0.272603 1 

0.990484 -0.126295 0.0547019 0 
0.125309 0.991893 0.0211026 0 
-0.0569236 -0.0140471 0.99828 0 
-1.60102 0.110302 -0.272604 1 

0.990484 -0.126295 0.054702 0 
0.125309 0.991893 0.0211026 0 
-0.0569236 -0.0140471 0.99828 0 
-1.60102 0.110302 -0.272603 1 

0.990484 -0.126295 0.0547019 0 
0.125309 0.991893 0.0211026 0 
-0.0569236 -0.0140472 0.99828 0 
-1.60102 0.110302 -0.272602 1 

0.990484 -0.126295 0.0547019 0 
0.125309 0.991893 0.0211026 0 
-0.0569236 -0.0140471 0.99828 0 
-1.60102 0.1103 -0.272602 1 

0.990484 -0.126295 0.0547019 0 
0.125309 0.991893 0.0211026 0 
-0.0569236 -0.0140472 0.99828 0 
-1.60102 0.110296 -0.272602 1 

0.990484 -0.126295 0.0547019 0 
0.125309 0.991893 0.0211026 0 
-0.0569236 -0.0140471 0.99828 0 
-1.60102 0.110298 -0.272602 1 

0.990484 -0.126295 0.0547019 0 
0.125309 0.991893 0.0211026 0 
-0.0569236 -0.0140471 0.99828 -0 
-1.60102 0.110296 -0.272602 1 

0.990483 -0.126295 0.0547019 0 
0.125309 0.991893 0.0211026 0 
-0.0569236 -0.0140471 0.99828 0 
-1.60102 0.110301 -0.272603 1 

0.990483 -0.126295 0.0547019 0 
0.125309 0.991893 0.0211026 0 
-0.0569237 -0.0140471 0.99828 0 
-1.60102 0.110302 -0.272603 1 

0.990484 -0.126295 0.0547019 0 
0.125309 0.991893 0.0211026 0 
-0.0569237 -0.0140471 0.99828 0 
-1.60102 0.110303 -0.272603 1 

0.990484 -0.126295 0.0547019 0 
0.125309 0.991893 0.0211026 0 
-0.0569237 -0.0140471 0.99828 0 
-1.60102 0.110303 -0.272603 1 

0.990483 -0.126295 0.0547019 0 
0.125309 0.991893 0.0211026 0 
-0.0569236 -0.0140471 0.99828 0 
-1.60102 0.110302 -0.272603 1 

0.990483 -0.126295 0.0547019 0 
0.125309 0.991894 0.0211026 0 
-0.0569236 -0.0140471 0.99828 0 
-1.60102 0.110303 -0.272603 1 

0.990483 -0.126295 0.0547019 0 
0.125309 0.991894 0.0211026 0 
-0.0569236 -0.0140471 0.99828 0 
-1.60102 0.110303 -0.272603 1 

0.416667
0.989797 -0.13073 0.0566655 0 
0.12966 0.99131 0.022191 0 
-0.0590741 -0.0146174 0.998147 0 
-1.65654 0.118069 -0.286646 1 

0.989797 -0.13073 0.0566655 0 
0.12966 0.99131 0.022191 0 
-0.0590741 -0.0146174 0.998147 0 
-1.65654 0.118069 -0.286646 1 

0.989797 -0.13073 0.0566655 0 
0.12966 0.99131 0.022191 0 
-0.0590741 -0.0146174 0.998147 0 
-1.65654 0.118069 -0.286646 1 

0.989797 -0.13073 0.0566655 0 
0.12966 0.99131 0.022191 0 
-0.0590741 -0.0146174 0.998147 0 
-1.65654 0.118071 -0.286646 1 

0.989798 -0.13073 0.0566655 0 
0.12966 0.99131 0.022191 0 
-0.0590741 -0.0146174 0.998147 0 
-1.65654 0.118069 -0.286646 1 

0.989797 -0.13073 0.0566655 0 
0.12966 0.99131 0.022191 0 
-0.0590741 -0.0146174 0.998147 0 
-1.65654 0.118067 -0.286646 1 

0.989797 -0.13073 0.0566655 0 
0.12966 0.99131 0.022191 0 
-0.0590741 -0.0146174 0.998147 0 
-1.65654 0.118067 -0.286645 1 

0.989798 -0.13073 0.0566655 0 
0.12966 0.99131 0.022191 0 
-0.0590741 -0.0146174 0.998147 0 
-1.65654 0.118069 -0.286645 1 

0.989797 -0.13073 0.0566655 0 
0.12966 0.99131 0.022191 0 
-0.0590741 -0.0146174 0.998147 0 
-1.65654 0.118065 -0.286645 1 

0.989798 -0.13073 0.0566655 0 
0.12966 0.99131 0.022191 0 
-0.0590741 -0.0146174 0.998147 -0 
-1.65654 0.118063 -0.286645 1 

0.989797 -0.13073 0.0566655 0 
0.12966 0.99131 0.022191 0 
-0.0590741 -0.0146174 0.998147 0 
-1.65654 0.118069 -0.286646 1 

0.989797 -0.13073 0.0566655 0 
0.12966 0.99131 0.022191 0 
-0.0590741 -0.0146174 0.998147 0 
-1.65654 0.118069 -0.286646 1 

0.989797 -0.13073 0.0566655 0 
0.12966 0.99131 0.022191 0 
-0.0590741 -0.0146174 0.998147 0 
-1.65654 0.118069 -0.286646 1 

0.989798 -0.13073 0.0566655 0 
0.12966 0.99131 0.022191 0 
-0.0590741 -0.0146174 0.998147 0 
-1.65654 0.11807 -0.286646 1 

0.989797 -0.13073 0.0566655 0 
0.12966 0.99131 0.022191 0 
-0.0590741 -0.0146174 0.998147 0 
-1.65654 0.118068 -0.286646 1 

0.989797 -0.13073 0.0566655 0 
0.12966 0.99131 0.022191 0 
-0.0590741 -0.0146174 0.998147 0 
-1.65654 0.11807 -0.286646 1 

0.989797 -0.13073 0.0566655 0 
0.12966 0.99131 0.022191 0 
-0.0590741 -0.0146174 0.998147 0 
-1.65654 0.11807 -0.286646 1 

0.458333
0.989797 -0.13073 0.0566655 0 
0.12966 0.99131 0.022191 0 
-0.0590741 -0.0146174 0.998147 0 
-1.65654 0.118069 -0.286646 1 

0.989797 -0.13073 0.0566655 0 
0.12966 0.99131 0.022191 0 
-0.0590741 -0.0146174 0.998147 0 
-1.65654 0.118069 -0.286646 1 

0.989797 -0.13073 0.0566655 0 
0.12966 0.99131 0.022191 0 
-0.0590741 -0.0146174 0.998147 0 
-1.65654 0.118069 -0.286646 1 

0.989797 -0.13073 0.0566655 0 
0.12966 0.99131 0.022191 0 
-0.0590741 -0.0146174 0.998147 0 
-1.65654 0.118071 -0.286646 1 

0.989798 -0.13073 0.0566655 0 
0.12966 0.99131 0.022191 0 
-0.0590741 -0.0146174 0.998147 0 
-1.65654 0.118069 -0.286646 1 

0.989797 -0.13073 0.0566655 0 
0.12966 0.99131 0.022191 0 
-0.0590741 -0.0146174 0.998147 0 
-1.65654 0.118067 -0.286646 1 

0.989797 -0.13073 0.0566655 0 
0.12966 0.99131 0.022191 0 
-0.0590741 -0.0146174 0.998147 0 
-1.65654 0.118067 -0.286645 1 

0.989798 -0.13073 0.0566655 0 
0.12966 0.99131 0.022191 0 
-0.0590741 -0.0146174 0.998147 0 
-1.65654 0.118069 -0.286645 1 

0.989797 -0.13073 0.0566655 0 
0.12966 0.99131 0.022191 0 
-0.0590741 -0.0146174 0.998147 0 
-1.65654 0.118065 -0.286645 1 

0.989798 -0.13073 0.0566655 0 
0.12966 0.99131 0.022191 0 
-0.0590741 -0.0146174 0.998147 -0 
-1.65654 0.118063 -0.286645 1 

0.989797 -0.13073 0.0566655 0 
0.12966 0.99131 0.022191 0 
-0.0590741 -0.0146174 0.998147 0 
-1.65654 0.118069 -0.286646 1 

0.989797 -0.13073 0.0566655 0 
0.12966 0.99131 0.022191 0 
-0.0590741 -0.0146174 0.998147 0 
-1.65654 0.118069 -0.286646 1 

0.989797 -0.13073 0.0566655 0 
0.12966 0.99131 0.022191 0 
-0.0590741 -0.0146174 0.998147 0 
-1.65654 0.118069 -0.286646 1 

0.989798 -0.13073 0.0566655 0 
0.12966 0.99131 0.022191 0 
-0.0590741 -0.0146174 0.998147 0 
-1.65654 0.11807 -0.286646 1 

0.989797 -0.13073 0.0566655 0 
0.12966 0.99131 0.022191 0 
-0.0590741 -0.0146174 0.998147 0 
-1.65654 0.118068 -0.286646 1 

0.989797 -0.13073 0.0566655 0 
0.12966 0.99131 0.022191 0 
-0.0590741 -0.0146174 0.998147 0 
-1.65654 0.11807 -0.286646 1 

0.989797 -0.13073 0.0566655 0 
0.12966 0.99131 0.022191 0 
-0.0590741 -0.0146174 0.998147 0 
-1.65654 0.11807 -0.286646 1 

0.5
0.989797 -0.13073 0.0566655 0 
0.12966 0.99131 0.022191 0 
-0.0590741 -0.0146174 0.998147 0 
-1.65654 0.118069 -0.286646 1 

0.989797 -0.13073 0.0566655 0 
0.12966 0.99131 0.022191 0 
-0.0590741 -0.0146174 0.998147 0 
-1.65654 0.118069 -0.286646 1 

0.989797 -0.13073 0.0566655 0 
0.12966 0.99131 0.022191 0 
-0.0590741 -0.0146174 0.998147 0 
-1.65654 0.118069 -0.286646 1 

0.989797 -0.13073 0.0566655 0 
0.12966 0.99131 0.022191 0 
-0.0590741 -0.0146174 0.998147 0 
-1.65654 0.118071 -0.286646 1 

0.989798 -0.13073 0.0566655 0 
0.12966 0.99131 0.022191 0 
-0.0590741 -0.0146174 0.998147 0 
-1.65654 0.118069 -0.286646 1 

0.989797 -0.13073 0.0566655 0 
0.12966 0.99131 0.022191 0 
-0.0590741 -0.0146174 0.998147 0 
-1.65654 0.118067 -0.286646 1 

0.989797 -0.13073 0.0566655 0 
0.12966 0.99131 0.022191 0 
-0.0590741 -0.0146174 0.998147 0 
-1.65654 0.118067 -0.286645 1 

0.989798 -0.13073 0.0566655 0 
0.12966 0.99131 0.022191 0 
-0.0590741 -0.0146174 0.998147 0 
-1.65654 0.118069 -0.286645 1 

0.989797 -0.13073 0.0566655 0 
0.12966 0.99131 0.022191 0 
-0.0590741 -0.0146174 0.998147 0 
-1.65654 0.118065 -0.286645 1 

0.989798 -0.13073 0.0566655 0 
0.12966 0.99131 0.022191 0 
-0.0590741 -0.0146174 0.998147 -0 
-1.65654 0.118063 -0.286645 1 

0.989797 -0.13073 0.0566655 0 
0.12966 0.99131 0.022191 0 
-0.0590741 -0.0146174 0.998147 0 
-1.65654 0.118069 -0.286646 1 

0.989797 -0.13073 0.0566655 0 
0.12966 0.99131 0.022191 0 
-0.0590741 -0.0146174 0.998147 0 
-1.65654 0.118069 -0.286646 1 

0.989797 -0.13073 0.0566655 0 
0.12966 0.99131 0.022191 0 
-0.0590741 -0.0146174 0.998147 0 
-1.65654 0.118069 -0.286646 1 

0.989798 -0.13073 0.0566655 0 
0.12966 0.99131 0.022191 0 
-0.0590741 -0.0146174 0.998147 0 
-1.65654 0.11807 -0.286646 1 

0.989797 -0.13073 0.0566655 0 
0.12966 0.99131 0.022191 0 
-0.0590741 -0.0146174 0.998147 0 
-1.65654 0.118068 -0.286646 1 

0.989797 -0.13073 0.0566655 0 
0.12966 0.99131 0.022191 0 
-0.0590741 -0.0146174 0.998147 0 
-1.65654 0.11807 -0.286646 1 

0.989797 -0.13073 0.0566655 0 
0.12966 0.99131 0.022191 0 
-0.0590741 -0.0146174 0.998147 0 
-1.65654 0.11807 -0.286646 1 

0.541667
0.989797 -0.13073 0.0566655 0 
0.12966 0.99131 0.022191 0 
-0.0590741 -0.0146174 0.998147 0 
-1.65654 0.118069 -0.286646 1 

0.989797 -0.13073 0.0566655 0 
0.12966 0.99131 0.022191 0 
-0.0590741 -0.0146174 0.998147 0 
-1.65654 0.118069 -0.286646 1 

0.989797 -0.13073 0.0566655 0 
0.12966 0.99131 0.022191 0 
-0.0590741 -0.0146174 0.998147 0 
-1.65654 0.118069 -0.286646 1 

0.989797 -0.13073 0.0566655 0 
0.12966 0.99131 0.022191 0 
-0.0590741 -0.0146174 0.998147 0 
-1.65654 0.118071 -0.286646 1 

0.989798 -0.13073 0.0566655 0 
0.12966 0.99131 0.022191 0 
-0.0590741 -0.0146174 0.998147 0 
-1.65654 0.118069 -0.286646 1 

0.989797 -0.13073 0.0566655 0 
0.12966 0.99131 0.022191 0 
-0.0590741 -0.0146174 0.998147 0 
-1.65654 0.118067 -0.286646 1 

0.989797 -0.13073 0.0566655 0 
0.12966 0.99131 0.022191 0 
-0.0590741 -0.0146174 0.998147 0 
-1.65654 0.118067 -0.286645 1 

0.989798 -0.13073 0.0566655 0 
0.12966 0.99131 0.022191 0 
-0.0590741 -0.0146174 0.998147 0 
-1.65654 0.118069 -0.286645 1 

0.989797 -0.13073 0.0566655 0 
0.12966 0.99131 0.022191 0 
-0.0590741 -0.0146174 0.998147 0 
-1.65654 0.118065 -0.286645 1 

0.989798 -0.13073 0.0566655 0 
0.12966 0.99131 0.022191 0 
-0.0590741 -0.0146174 0.998147 -0 
-1.65654 0.118063 -0.286645 1 

0.989797 -0.13073 0.0566655 0 
0.12966 0.99131 0.022191 0 
-0.0590741 -0.0146174 0.998147 0 
-1.65654 0.118069 -0.286646 1 

0.989797 -0.13073 0.0566655 0 
0.12966 0.99131 0.022191 0 
-0.0590741 -0.0146174 0.998147 0 
-1.65654 0.118069 -0.286646 1 

0.989797 -0.13073 0.0566655 0 
0.12966 0.99131 0.022191 0 
-0.0590741 -0.0146174 0.998147 0 
-1.65654 0.118069 -0.286646 1 

0.989798 -0.13073 0.0566655 0 
0.12966 0.99131 0.022191 0 
-0.0590741 -0.0146174 0.998147 0 
-1.65654 0.11807 -0.286646 1 

0.989797 -0.13073 0.0566655 0 
0.12966 0.99131 0.022191 0 
-0.0590741 -0.0146174 0.998147 0 
-1.65654 0.118068 -0.286646 1 

0.989797 -0.13073 0.0566655 0 
0.12966 0.99131 0.022191 0 
-0.0590741 -0.0146174 0.998147 0 
-1.65654 0.11807 -0.286646 1 

0.989797 -0.13073 0.0566655 0 
0.12966 0.99131 0.022191 0 
-0.0590741 -0.0146174 0.998147 0 
-1.65654 0.11807 -0.286646 1 

0.583333
0.989797 -0.13073 0.0566655 0 
0.12966 0.99131 0.022191 0 
-0.0590741 -0.0146174 0.998147 0 
-1.65654 0.118069 -0.286646 1 

0.989797 -0.13073 0.0566655 0 
0.12966 0.99131 0.022191 0 
-0.0590741 -0.0146174 0.998147 0 
-1.65654 0.118069 -0.286646 1 

0.989797 -0.13073 0.0566655 0 
0.12966 0.99131 0.022191 0 
-0.0590741 -0.0146174 0.998147 0 
-1.65654 0.118069 -0.286646 1 

0.989797 -0.13073 0.0566655 0 
0.12966 0.99131 0.022191 0 
-0.0590741 -0.0146174 0.998147 0 
-1.65654 0.118071 -0.286646 1 

0.989798 -0.13073 0.0566655 0 
0.12966 0.99131 0.022191 0 
-0.0590741 -0.0146174 0.998147 0 
-1.65654 0.118069 -0.286646 1 

0.989797 -0.13073 0.0566655 0 
0.12966 0.99131 0.022191 0 
-0.0590741 -0.0146174 0.998147 0 
-1.65654 0.118067 -0.286646 1 

0.989797 -0.13073 0.0566655 0 
0.12966 0.99131 0.022191 0 
-0.0590741 -0.0146174 0.998147 0 
-1.65654 0.118067 -0.286645 1 

0.989798 -0.13073 0.0566655 0 
0.12966 0.99131 0.022191 0 
-0.0590741 -0.0146174 0.998147 0 
-1.65654 0.118069 -0.286645 1 

0.989797 -0.13073 0.0566655 0 
0.12966 0.99131 0.022191 0 
-0.0590741 -0.0146174 0.998147 0 
-1.65654 0.118065 -0.286645 1 

0.989798 -0.13073 0.0566655 0 
0.12966 0.99131 0.022191 0 
-0.0590741 -0.0146174 0.998147 -0 
-1.65654 0.118063 -0.286645 1 

0.989797 -0.13073 0.0566655 0 
0.12966 0.99131 0.022191 0 
-0.0590741 -0.0146174 0.998147 0 
-1.65654 0.118069 -0.286646 1 

0.989797 -0.13073 0.0566655 0 
0.12966 0.99131 0.022191 0 
-0.0590741 -0.0146174 0.998147 0 
-1.65654 0.118069 -0.286646 1 

0.989797 -0.13073 0.0566655 0 
0.12966 0.99131 0.022191 0 
-0.0590741 -0.0146174 0.998147 0 
-1.65654 0.118069 -0.286646 1 

0.989798 -0.13073 0.0566655 0 
0.12966 0.99131 0.022191 0 
-0.0590741 -0.0146174 0.998147 0 
-1.65654 0.11807 -0.286646 1 

0.989797 -0.13073 0.0566655 0 
0.12966 0.99131 0.022191 0 
-0.0590741 -0.0146174 0.998147 0 
-1.65654 0.118068 -0.286646 1 

0.989797 -0.13073 0.0566655 0 
0.12966 0.99131 0.022191 0 
-0.0590741 -0.0146174 0.998147 0 
-1.65654 0.11807 -0.286646 1 

0.989797 -0.13073 0.0566655 0 
0.12966 0.99131 0.022191 0 
-0.0590741 -0.0146174 0.998147 0 
-1.65654 0.11807 -0.286646 1 

0.625
0.989797 -0.13073 0.0566655 0 
0.12966 0.99131 0.022191 0 
-0.0590741 -0.0146174 0.998147 0 
-1.65654 0.118069 -0.286646 1 

0.989797 -0.13073 0.0566655 0 
0.12966 0.99131 0.022191 0 
-0.0590741 -0.0146174 0.998147 0 
-1.65654 0.118069 -0.286646 1 

0.989797 -0.13073 0.0566655 0 
0.12966 0.99131 0.022191 0 
-0.0590741 -0.0146174 0.998147 0 
-1.65654 0.118069 -0.286646 1 

0.989797 -0.13073 0.0566655 0 
0.12966 0.99131 0.022191 0 
-0.0590741 -0.0146174 0.998147 0 
-1.65654 0.118071 -0.286646 1 

0.989798 -0.13073 0.0566655 0 
0.12966 0.99131 0.022191 0 
-0.0590741 -0.0146174 0.998147 0 
-1.65654 0.118069 -0.286646 1 

0.989797 -0.13073 0.0566655 0 
0.12966 0.99131 0.022191 0 
-0.0590741 -0.0146174 0.998147 0 
-1.65654 0.118067 -0.286646 1 

0.989797 -0.13073 0.0566655 0 
0.12966 0.99131 0.022191 0 
-0.0590741 -0.0146174 0.998147 0 
-1.65654 0.118067 -0.286645 1 

0.989798 -0.13073 0.0566655 0 
0.12966 0.99131 0.022191 0 
-0.0590741 -0.0146174 0.998147 0 
-1.65654 0.118069 -0.286645 1 

0.989797 -0.13073 0.0566655 0 
0.12966 0.99131 0.022191 0 
-0.0590741 -0.0146174 0.998147 0 
-1.65654 0.118065 -0.286645 1 

0.989798 -0.13073 0.0566655 0 
0.12966 0.99131 0.022191 0 
-0.0590741 -0.0146174 0.998147 -0 
-1.65654 0.118063 -0.286645 1 

0.989797 -0.13073 0.0566655 0 
0.12966 0.99131 0.022191 0 
-0.0590741 -0.0146174 0.998147 0 
-1.65654 0.118069 -0.286646 1 

0.989797 -0.13073 0.0566655 0 
0.12966 0.99131 0.022191 0 
-0.0590741 -0.0146174 0.998147 0 
-1.65654 0.118069 -0.286646 1 

0.989797 -0.13073 0.0566655 0 
0.12966 0.99131 0.022191 0 
-0.0590741 -0.0146174 0.998147 0 
-1.65654 0.118069 -0.286646 1 

0.989798 -0.13073 0.0566655 0 
0.12966 0.99131 0.022191 0 
-0.0590741 -0.0146174 0.998147 0 
-1.65654 0.11807 -0.286646 1 

0.989797 -0.13073 0.0566655 0 
0.12966 0.99131 0.022191 0 
-0.0590741 -0.0146174 0.998147 0 
-1.65654 0.118068 -0.286646 1 

0.989797 -0.13073 0.0566655 0 
0.12966 0.99131 0.022191 0 
-0.0590741 -0.0146174 0.998147 0 
-1.65654 0.11807 -0.286646 1 

0.989797 -0.13073 0.0566655 0 
0.12966 0.99131 0.022191 0 
-0.0590741 -0.0146174 0.998147 0 
-1.65654 0.11807 -0.286646 1 

0.666667
0.989797 -0.13073 0.0566655 0 
0.12966 0.99131 0.022191 0 
-0.0590741 -0.0146174 0.998147 0 
-1.65654 0.118069 -0.286646 1 

0.989797 -0.13073 0.0566655 0 
0.12966 0.99131 0.022191 0 
-0.0590741 -0.0146174 0.998147 0 
-1.65654 0.118069 -0.286646 1 

0.989797 -0.13073 0.0566655 0 
0.12966 0.99131 0.022191 0 
-0.0590741 -0.0146174 0.998147 0 
-1.65654 0.118069 -0.286646 1 

0.989797 -0.13073 0.0566655 0 
0.12966 0.99131 0.022191 0 
-0.0590741 -0.0146174 0.998147 0 
-1.65654 0.118071 -0.286646 1 

0.989798 -0.13073 0.0566655 0 
0.12966 0.99131 0.022191 0 
-0.0590741 -0.0146174 0.998147 0 
-1.65654 0.118069 -0.286646 1 

0.989797 -0.13073 0.0566655 0 
0.12966 0.99131 0.022191 0 
-0.0590741 -0.0146174 0.998147 0 
-1.65654 0.118067 -0.286646 1 

0.989797 -0.13073 0.0566655 0 
0.12966 0.99131 0.022191 0 
-0.0590741 -0.0146174 0.998147 0 
-1.65654 0.118067 -0.286645 1 

0.989798 -0.13073 0.0566655 0 
0.12966 0.99131 0.022191 0 
-0.0590741 -0.0146174 0.998147 0 
-1.65654 0.118069 -0.286645 1 

0.989797 -0.13073 0.0566655 0 
0.12966 0.99131 0.022191 0 
-0.0590741 -0.0146174 0.998147 0 
-1.65654 0.118065 -0.286645 1 

0.989798 -0.13073 0.0566655 0 
0.12966 0.99131 0.022191 0 
-0.0590741 -0.0146174 0.998147 -0 
-1.65654 0.118063 -0.286645 1 

0.989797 -0.13073 0.0566655 0 
0.12966 0.99131 0.022191 0 
-0.0590741 -0.0146174 0.998147 0 
-1.65654 0.118069 -0.286646 1 

0.989797 -0.13073 0.0566655 0 
0.12966 0.99131 0.022191 0 
-0.0590741 -0.0146174 0.998147 0 
-1.65654 0.118069 -0.286646 1 

0.989797 -0.13073 0.0566655 0 
0.12966 0.99131 0.022191 0 
-0.0590741 -0.0146174 0.998147 0 
-1.65654 0.118069 -0.286646 1 

0.989798 -0.13073 0.0566655 0 
0.12966 0.99131 0.022191 0 
-0.0590741 -0.0146174 0.998147 0 
-1.65654 0.11807 -0.286646 1 

0.989797 -0.13073 0.0566655 0 
0.12966 0.99131 0.022191 0 
-0.0590741 -0.0146174 0.998147 0 
-1.65654 0.118068 -0.286646 1 

0.989797 -0.13073 0.0566655 0 
0.12966 0.99131 0.022191 0 
-0.0590741 -0.0146174 0.998147 0 
-1.65654 0.11807 -0.286646 1 

0.989797 -0.13073 0.0566655 0 
0.12966 0.99131 0.022191 0 
-0.0590741 -0.0146174 0.998147 0 
-1.65654 0.11807 -0.286646 1 

0.708333
0.989797 -0.13073 0.0566655 0 
0.12966 0.99131 0.022191 0 
-0.0590741 -0.0146174 0.998147 0 
-1.65654 0.118069 -0.286646 1 

0.989797 -0.13073 0.0566655 0 
0.12966 0.99131 0.022191 0 
-0.0590741 -0.0146174 0.998147 0 
-1.65654 0.118069 -0.286646 1 

0.989797 -0.13073 0.0566655 0 
0.12966 0.99131 0.022191 0 
-0.0590741 -0.0146174 0.998147 0 
-1.65654 0.118069 -0.286646 1 

0.989797 -0.13073 0.0566655 0 
0.12966 0.99131 0.022191 0 
-0.0590741 -0.0146174 0.998147 0 
-1.65654 0.118071 -0.286646 1 

0.989798 -0.13073 0.0566655 0 
0.12966 0.99131 0.022191 0 
-0.0590741 -0.0146174 0.998147 0 
-1.65654 0.118069 -0.286646 1 

0.989797 -0.13073 0.0566655 0 
0.12966 0.99131 0.022191 0 
-0.0590741 -0.0146174 0.998147 0 
-1.65654 0.118067 -0.286646 1 

0.989797 -0.13073 0.0566655 0 
0.12966 0.99131 0.022191 0 
-0.0590741 -0.0146174 0.998147 0 
-1.65654 0.118067 -0.286645 1 

0.989798 -0.13073 0.0566655 0 
0.12966 0.99131 0.022191 0 
-0.0590741 -0.0146174 0.998147 0 
-1.65654 0.118069 -0.286645 1 

0.989797 -0.13073 0.0566655 0 
0.12966 0.99131 0.022191 0 
-0.0590741 -0.0146174 0.998147 0 
-1.65654 0.118065 -0.286645 1 

0.989798 -0.13073 0.0566655 0 
0.12966 0.99131 0.022191 0 
-0.0590741 -0.0146174 0.998147 -0 
-1.65654 0.118063 -0.286645 1 

0.989797 -0.13073 0.0566655 0 
0.12966 0.99131 0.022191 0 
-0.0590741 -0.0146174 0.998147 0 
-1.65654 0.118069 -0.286646 1 

0.989797 -0.13073 0.0566655 0 
0.12966 0.99131 0.022191 0 
-0.0590741 -0.0146174 0.998147 0 
-1.65654 0.118069 -0.286646 1 

0.989797 -0.13073 0.0566655 0 
0.12966 0.99131 0.022191 0 
-0.0590741 -0.0146174 0.998147 0 
-1.65654 0.118069 -0.286646 1 

0.989798 -0.13073 0.0566655 0 
0.12966 0.99131 0.022191 0 
-0.0590741 -0.0146174 0.998147 0 
-1.65654 0.11807 -0.286646 1 

0.989797 -0.13073 0.0566655 0 
0.12966 0.99131 0.022191 0 
-0.0590741 -0.0146174 0.998147 0 
-1.65654 0.118068 -0.286646 1 

0.989797 -0.13073 0.0566655 0 
0.12966 0.99131 0.022191 0 
-0.0590741 -0.0146174 0.998147 0 
-1.65654 0.11807 -0.286646 1 

0.989797 -0.13073 0.0566655 0 
0.12966 0.99131 0.022191 0 
-0.0590741 -0.0146174 0.998147 0 
-1.65654 0.11807 -0.286646 1 

0.833333
1 0 0 0 
0 1 2.87215e-033 0 
0 2.87215e-033 1 0 
-5.29396e-023 -1.90735e-006 -8.9407e-008 1 

1 -6.61744e-024 -6.61744e-024 0 
-6.61744e-024 1 -3.72529e-009 0 
6.61744e-024 3.72529e-009 1 0 
0 -1.90735e-006 -1.19209e-007 1 

1 0 0 0 
1.86265e-009 1 1.37952e-008 0 
1.86265e-009 -1.59489e-008 1 0 
-5.31154e-008 -1.90735e-006 2.38419e-007 1 

1 1.86265e-009 1.86265e-009 0 
-1.86265e-009 1 1.3737e-008 0 
-5.58794e-009 1.3737e-008 1 0 
-1.49012e-007 1.90735e-006 7.7486e-007 1 

1 1.49012e-008 0 0 
0 1 0 0 
-2.98023e-008 0 1 0 
-2.38419e-007 -3.8147e-006 -1.78814e-007 1 

1 7.45058e-009 0 0 
-1.49012e-008 1 0 0 
1.49012e-008 -1.49012e-008 1 0 
-4.76837e-007 -3.8147e-006 2.38419e-007 1 

1 2.23517e-008 -1.49012e-008 0 
3.91156e-008 1 1.00699e-008 0 
1.86265e-009 -1.22236e-008 1 0 
-1.90735e-006 -3.8147e-006 7.15256e-007 1 

1 4.65661e-010 1.86265e-009 0 
4.65661e-010 1 1.49012e-008 0 
1.86265e-009 -1.49012e-008 1 0 
2.38419e-007 -3.8147e-006 4.76837e-007 1 

1 3.72529e-009 0 0 
0 1 2.98023e-008 0 
0 -1.49012e-008 1 0 
-4.76837e-007 -7.62939e-006 1.19209e-007 1 

1 -2.27683e-017 1.86265e-009 0 
-4.65661e-010 1 2.49711e-008 0 
3.72529e-009 -1.22236e-008 1 -0 
0 -7.62939e-006 4.76837e-007 1 

1 0 6.61744e-024 0 
0 1 1.00553e-032 0 
0 1.00553e-032 1 0 
-7.94093e-023 -1.90735e-006 -5.96046e-008 1 

1 -2.32831e-010 0 0 
-2.32831e-010 1 0 0 
0 0 1 0 
0 -9.53674e-007 0 1 

1 -2.32831e-010 0 0 
2.32831e-010 1 0 0 
2.98023e-008 0 1 0 
0 -9.53674e-007 5.96046e-008 1 

1 -6.98492e-010 0 0 
-4.65661e-010 1 0 0 
0 0 1 0 
1.19209e-007 -9.53674e-007 4.47035e-008 1 

1 -3.72529e-009 0 0 
0 1 -7.45058e-009 0 
2.98023e-008 -7.45058e-009 1 0 
0 -1.90735e-006 -5.96046e-008 1 

1 -4.33647e-009 -2.98023e-008 0 
-1.25146e-009 1 -6.8685e-009 0 
0 -6.51926e-009 1 0 
0 -4.76837e-007 -5.96046e-008 1 

1 -3.92902e-009 -2.98023e-008 0 
-3.49246e-009 1 -7.39237e-009 0 
-2.98023e-008 -4.71482e-009 1 0 
0 -4.61936e-007 -2.98023e-008 1 

1.04167
1 0 0 0 
0 1 2.87215e-033 0 
0 2.87215e-033 1 0 
-5.29396e-023 -1.90735e-006 -8.9407e-008 1 

1 -6.61744e-024 -6.61744e-024 0 
-6.61744e-024 1 -3.72529e-009 0 
6.61744e-024 3.72529e-009 1 0 
0 -1.90735e-006 -1.19209e-007 1 

1 0 0 0 
1.86265e-009 1 1.37952e-008 0 
1.86265e-009 -1.59489e-008 1 0 
-5.31154e-008 -1.90735e-006 2.38419e-007 1 

1 1.86265e-009 1.86265e-009 0 
-1.86265e-009 1 1.3737e-008 0 
-5.58794e-009 1.3737e-008 1 0 
-1.49012e-007 1.90735e-006 7.7486e-007 1 

-0.34812 0.214003 -0.912697 0 
0.740311 0.660043 -0.127606 0 
0.575111 -0.720102 -0.388202 0 
-11.1545 5.96463 4.30404 1 

-0.0880766 -0.0602944 -0.994287 0 
0.639907 0.761537 -0.102865 0 
0.763389 -0.645311 -0.0284907 0 
-11.1314 6.27348 4.80723 1 

-0.0880766 -0.0602944 -0.994287 0 
0.639907 0.761537 -0.102865 0 
0.763389 -0.645311 -0.0284908 0 
-11.1314 6.27349 4.80722 1 

0.838445 0.538996 0.0805845 0 
-0.543283 0.838318 0.0454481 0 
-0.0430592 -0.0818859 0.995711 0 
10.1568 4.43696 -0.688091 1 

0.695879 0.282555 -0.660239 0 
-0.499146 0.851283 -0.161776 0 
0.516339 0.442132 0.733426 0 
8.96742 2.96231 -2.49945 1 

0.695879 0.282555 -0.660239 0 
-0.499146 0.851283 -0.161776 0 
0.516339 0.442132 0.733426 -0 
8.96742 2.96231 -2.49945 1 

1 0 6.61744e-024 0 
0 1 1.00553e-032 0 
0 1.00553e-032 1 0 
-7.94093e-023 -1.90735e-006 -5.96046e-008 1 

0.937867 0.0479078 -0.343672 0 
-0.0923804 0.989152 -0.114215 0 
0.334472 0.138867 0.932119 0 
1.17762 0.00863075 2.08271 1 

0.985769 -0.06448 -0.155249 0 
0.16562 0.530769 0.831177 0 
0.0288071 -0.84506 0.533894 0 
-0.531225 3.89748 -4.58212 1 

0.985769 -0.0644799 -0.155249 0 
0.16562 0.530769 0.831177 0 
0.0288071 -0.84506 0.533894 0 
-0.531225 3.89748 -4.58212 1 

0.975337 0.0847856 0.203788 0 
0.0915713 0.684639 -0.723107 0 
-0.20083 0.723934 0.65999 0 
-1.15388 3.96157 9.84237 1 

0.995149 0.0395069 0.0900996 0 
-0.0440496 0.997827 0.0489993 0 
-0.0879681 -0.0527305 0.994727 0 
-0.283336 2.44885 3.94387 1 

0.995149 0.0395069 0.0900997 0 
-0.0440496 0.997827 0.0489994 0 
-0.0879681 -0.0527306 0.994727 0 
-0.283337 2.44885 3.94387 1 

1.25
1 0 0 0 
0 1 2.87215e-033 0 
0 2.87215e-033 1 0 
-5.29396e-023 -1.90735e-006 -8.9407e-008 1 

1 -6.61744e-024 -6.61744e-024 0 
-6.61744e-024 1 -3.72529e-009 0 
6.61744e-024 3.72529e-009 1 0 
0 -1.90735e-006 -1.19209e-007 1 

1 0 0 0 
1.86265e-009 1 1.37952e-008 0 
1.86265e-009 -1.59489e-008 1 0 
-5.31154e-008 -1.90735e-006 2.38419e-007 1 

1 1.86265e-009 1.86265e-009 0 
-1.86265e-009 1 1.3737e-008 0 
-5.58794e-009 1.3737e-008 1 0 
-1.49012e-007 1.90735e-006 7.7486e-007 1 

-0.829228 0.11172 -0.547631 0 
0.504597 0.57098 -0.647583 0 
0.240339 -0.813327 -0.529846 0 
-5.37267 7.9622 13.7027 1 

-0.498349 -0.3761 -0.781152 0 
0.35631 0.732549 -0.580013 0 
0.790375 -0.567381 -0.231057 0 
-4.68712 8.95531 14.5214 1 

-0.498349 -0.3761 -0.781152 0 
0.35631 0.732549 -0.580013 0 
0.790375 -0.567381 -0.231057 0 
-4.68713 8.95531 14.5214 1 

0.820475 0.379806 -0.42728 0 
-0.398432 0.915886 0.0490425 0 
0.409966 0.130004 0.902788 0 
7.54323 2.65022 -2.06643 1 

0.147624 -0.156365 -0.976605 0 
-0.435766 0.876134 -0.206149 0 
0.887871 0.456004 0.0612004 0 
3.9789 -0.0707798 -2.29636 1 

0.147624 -0.156365 -0.976605 0 
-0.435766 0.876134 -0.206149 0 
0.887871 0.456004 0.0612004 -0 
3.9789 -0.0707808 -2.29636 1 

1 0 6.61744e-024 0 
0 1 1.00553e-032 0 
0 1.00553e-032 1 0 
-7.94093e-023 -1.90735e-006 -5.96046e-008 1 

0.964974 0.0587152 -0.255691 0 
-0.237241 0.611355 -0.754958 0 
0.11199 0.789175 0.603872 0 
3.09266 4.64647 10.3632 1 

0.991864 0.0719335 0.105036 0 
-0.11679 0.842512 0.525864 0 
-0.050667 -0.533852 0.844058 0 
2.29738 3.72073 0.736465 1 

0.991864 0.0719336 0.105036 0 
-0.11679 0.842513 0.525864 0 
-0.050667 -0.533852 0.844058 0 
2.29738 3.72073 0.736465 1 

0.908222 0.00360592 0.418473 0 
0.0119465 0.999332 -0.0345388 0 
-0.418318 0.0363682 0.907572 0 
-0.153529 0.00120354 1.18451 1 

0.942042 0.035255 0.333638 0 
-0.250385 0.735789 0.629223 0 
-0.223304 -0.676292 0.701972 0 
1.54442 2.57726 -3.3874 1 

0.942042 0.0352549 0.333638 0 
-0.250385 0.735789 0.629223 0 
-0.223304 -0.676293 0.701972 0 
1.54442 2.57727 -3.3874 1 

1.45833
1 0 0 0 
0 1 2.87215e-033 0 
0 2.87215e-033 1 0 
-5.29396e-023 -1.90735e-006 -8.9407e-008 1 

1 -6.61744e-024 -6.61744e-024 0 
-6.61744e-024 1 -3.72529e-009 0 
6.61744e-024 3.72529e-009 1 0 
0 -1.90735e-006 -1.19209e-007 1 

1 0 0 0 
1.86265e-009 1 1.37952e-008 0 
1.86265e-009 -1.59489e-008 1 0 
-5.31154e-008 -1.90735e-006 2.38419e-007 1 

1 1.86265e-009 1.86265e-009 0 
-1.86265e-009 1 1.3737e-008 0 
-5.58794e-009 1.3737e-008 1 0 
-1.49012e-007 1.90735e-006 7.7486e-007 1 

-0.34812 0.214003 -0.912697 0 
0.740311 0.660043 -0.127606 0 
0.575111 -0.720102 -0.388202 0 
-11.1545 5.96463 4.30404 1 

-0.0880765 -0.0602945 -0.994287 0 
0.639907 0.761537 -0.102865 0 
0.763389 -0.645311 -0.0284907 0 
-11.1314 6.27348 4.80723 1 

-0.0880766 -0.0602945 -0.994287 0 
0.639907 0.761537 -0.102865 0 
0.763389 -0.645311 -0.0284908 0 
-11.1314 6.27349 4.80723 1 

0.839368 0.540953 -0.0532176 0 
-0.53825 0.840825 0.0574521 0 
0.0758256 -0.0195791 0.996929 0 
10.1272 4.42762 -1.25228 1 

0.631764 0.267031 -0.727715 0 
-0.523042 0.839718 -0.145948 0 
0.572102 0.47283 0.670172 0 
8.92707 3.04663 -2.7336 1 

0.631764 0.267031 -0.727715 0 
-0.523042 0.839718 -0.145948 0 
0.572102 0.47283 0.670172 -0 
8.92707 3.04663 -2.7336 1 

1 0 6.61744e-024 0 
0 1 1.00553e-032 0 
0 1.00553e-032 1 0 
-7.94093e-023 -1.90735e-006 -5.96046e-008 1 

0.937867 0.0479078 -0.343672 0 
-0.0923804 0.989152 -0.114215 0 
0.334472 0.138867 0.932119 0 
1.17762 0.00863075 2.08271 1 

0.985769 -0.06448 -0.155249 0 
0.16562 0.530769 0.831177 0 
0.0288071 -0.84506 0.533894 0 
-0.531225 3.89748 -4.58212 1 

0.985769 -0.0644799 -0.155249 0 
0.16562 0.530769 0.831177 0 
0.0288071 -0.84506 0.533894 0 
-0.531225 3.89748 -4.58212 1 

0.975337 0.0847856 0.203788 0 
0.0915713 0.684639 -0.723107 0 
-0.20083 0.723934 0.65999 0 
-1.15388 3.96157 9.84237 1 

0.995149 0.0395069 0.0900996 0 
-0.0440496 0.997827 0.0489993 0 
-0.0879681 -0.0527305 0.994727 0 
-0.283336 2.44885 3.94387 1 

0.995149 0.0395069 0.0900997 0 
-0.0440496 0.997827 0.0489994 0 
-0.0879681 -0.0527306 0.994727 0 
-0.283337 2.44885 3.94387 1 

